simulation 1   2    3   4    5   6   7    8    9    10   11   12   13    14

lip_no     200 200  200 200  200 200 200  200  200  200  200  200  200   200
dimens.    20  20   20  20   20  20  20   20   20   20   20   20   20    20
T          0.1 0.1  0.1 0.1  0.1 0.1 0.1  0.1  0.1  0.1  0.1  0.1  0.1   0.1
N          300 300  300 300  300 300 1000 1000 2841 1000 1000 1000 1000  1000
dir_step   0.1 0.05 0.2 0.01 0.3 0.0 0.01 0.05 0.01 0.02 0.03 0.04 0.001 0.8
noise_s    0.1 0.1  0.1 0.1  0.1 0.1 0.1  0.1  0.1  0.1  0.1  0.1  0.1   0.1
infl_rep   0.2 0.2  0.2 0.2  0.2 0.2 0.2  0.2  0.2  0.2  0.2  0.2  0.2   0.2
detec_rad  5   5    5   5    5   5   5    5    5    5    5    5    5     5
lipid_len  0.4 0.4  0.4 0.4  0.4 0.4 0.4  0.4  0.4  0.4  0.4  0.4  0.4   0.4
lip_len_s  0.0 0.0  0.0 0.0  0.0 0.0 0.0  0.0  0.0  0.0  0.0  0.0  0.0   0.0
min_tail   0.1 0.1  0.1 0.1  0.1 0.1 0.1  0.1  0.1  0.1  0.1  0.1  0.1   0.1


